Nodes
15
#     x    y    u v   px  py
1    0.0  0.0   1 1   0.0 0.0
2    1.0  0.0   0 0   0.0 0.0
3    2.0  0.0   0 0   0.0 0.0
4    2.0  1.0   0 0   0.0 0.0
5    2.0  2.0   0 0   0.0 0.0
6    1.0  2.0   0 0   0.0 0.0
7    0.0  2.0   1 0   0.0 0.0
8    0.0  1.0   1 0   0.0 0.0
9    1.0  1.0   0 0   0.0 0.0
10   3.0  0.0   0 0   0.0 0.0
11   4.0  0.0   0 0   1.0 0.0
12   3.5  1.0   0 0   1.0 0.0
13   3.0  2.0   0 0   1.0 0.0
14   2.5  2.0   0 0   0.0 0.0
15   3.48 1.0   0 0   0.0 0.0

Elements
2
#   connectivity                                fx   fy
1    1   2   3   4  5   6  7 8 9              0.0 -1.0
2    3  10  11 12 13 14 5 4 15             0.0 -1.0

Thickness
1.0
Young
1.0e5
Poisson
0.3e0