 EQUATION NUMBER
 ---------------------
     node   dof    eqn
      2      1      1
      2      2      2
      3      1      3
      3      2      4
      4      1      5
      4      2      6
      5      1      7
      5      2      8
      6      1      9
      6      2     10
      7      2     11
      8      2     12
      9      1     13
      9      2     14
     10      1     15
     10      2     16
     11      1     17
     11      2     18
     12      1     19
     12      2     20
     13      1     21
     13      2     22
     14      1     23
     14      2     24
     15      1     25
     15      2     26
 
 STRAIN ENERGY =   0.112865E-03
 
 DISPLACEMENT 
 ------------------------------
   Node      Dx         Dy     
    1    0.000E+00  0.000E+00
    2    2.699E-05 -3.509E-04
    3   -1.947E-04  3.261E-04
    4   -1.296E-04  3.822E-04
    5   -1.016E-04 -7.274E-05
    6   -4.815E-05 -5.780E-05
    7    0.000E+00  1.181E-05
    8    0.000E+00 -7.107E-05
    9   -2.041E-04  3.737E-05
   10   -3.528E-04 -1.301E-04
   11   -2.427E-04 -3.940E-04
   12   -1.689E-04 -3.325E-04
   13    8.655E-05 -1.580E-04
   14   -4.997E-05 -3.931E-05
   15   -5.958E-05 -6.185E-04
 
 STRESS of ELEMENT :    1
 ----------------------------------------------
  Position       Sxx        Syy        Sxy     
    1         -1.085E+01 -1.563E+01  2.202E+00
    2          1.531E+01 -3.931E+01 -4.729E+01
    3         -1.484E+01 -1.573E+01  3.407E-01
    4         -3.751E+00  4.429E+00 -1.524E+00
    5          2.829E+00  1.170E+01  9.835E+00
    6         -1.626E+01  1.715E+01  1.100E+01
    7          1.586E+00 -1.622E+01 -3.021E+00
    8          5.093-312  1.662-303  1.675-303
    9          1.677-303  1.656-303  8.488-314
 
 STRESS of ELEMENT :    2
 ----------------------------------------------
  Position       Sxx        Syy        Sxy     
    1          7.768E+00 -3.285E+00  6.678E+00
    2          4.434E-02  1.785E+01 -2.112E+01
    3         -2.310E+00  2.283E+01 -1.364E+01
    4          8.186E+00 -3.543E+01 -3.836E+00
    5         -2.013E+01 -4.051E+01 -2.708E+00
    6          1.301E+00 -4.065E+00 -3.034E+01
    7         -1.742E+01  1.334E+00 -8.386E+00
    8          5.093-312  1.662-303  1.675-303
    9          1.677-303  1.656-303  8.488-314
 
