 ---------------------------
  0.1270E+06  0.6649E+04  0.2624E+05 -0.5410E+04  0.4369E+05  0.4173E+05  0.1674E+05 -0.1708E+06
 -0.8585E+05 -0.6613E+05 -0.8274E+04  0.1271E+05 -0.3078E+05 -0.1809E+05 -0.1120E+05 -0.4929E+04
  0.9259E+05  0.3409E+05
  0.6649E+04  0.1234E+05 -0.7649E+05  0.2802E+05  0.4481E+05 -0.1367E+05 -0.5017E+05  0.3986E+05
  0.8666E+04 -0.9190E+04  0.1725E+05 -0.1612E+05  0.1346E+05  0.8313E+04 -0.8314E+03 -0.1554E+05
 -0.8080E+04  0.1075E+05
  0.2624E+05 -0.7649E+05  0.2172E+06 -0.1858E+06 -0.3296E+05  0.1325E+06  0.9950E+05 -0.1089E+06
 -0.7136E+05  0.1271E+05 -0.1704E+05  0.7760E+05 -0.6119E+05  0.8432E+04  0.3903E+05  0.2032E+05
 -0.4025E+05 -0.3962E+05
 -0.5410E+04  0.2802E+05 -0.1858E+06  0.1613E+06 -0.5883E+04 -0.1195E+06 -0.5055E+05  0.9885E+05
  0.7901E+05 -0.2986E+05  0.1346E+05 -0.6211E+05  0.5837E+05 -0.1522E+05 -0.4657E+05 -0.3871E+05
  0.6243E+05  0.5821E+05
  0.4369E+05  0.4481E+05 -0.3296E+05 -0.5883E+04 -0.1702E+05  0.7364E+05 -0.2672E+05 -0.7284E+05
 -0.6712E+04 -0.1443E+05  0.4650E+04  0.8432E+04 -0.1522E+05  0.5058E+04 -0.1024E+05  0.3832E+04
  0.3451E+05 -0.1660E+05
  0.4173E+05 -0.1367E+05  0.1325E+06 -0.1195E+06  0.7364E+05 -0.5759E+05  0.1189E+06 -0.7399E+05
 -0.1020E+06 -0.1120E+05  0.2832E+04  0.3537E+05 -0.4657E+05 -0.1024E+05  0.8112E+04  0.2913E+05
 -0.1373E+05  0.6291E+04
  0.1674E+05 -0.5017E+05  0.9950E+05 -0.5055E+05 -0.2672E+05  0.1189E+06 -0.2608E+05 -0.4170E+05
 -0.3988E+05 -0.4929E+04 -0.1554E+05  0.2398E+05 -0.4237E+05  0.3832E+04  0.2913E+05 -0.7470E+04
 -0.2156E+04  0.1552E+05
 -0.1708E+06  0.3986E+05 -0.1089E+06  0.9885E+05 -0.7284E+05 -0.7399E+05 -0.4170E+05  0.2028E+06
  0.1267E+06  0.8893E+05 -0.8080E+04 -0.4025E+05  0.6610E+05  0.3451E+05 -0.1373E+05 -0.2156E+04
 -0.7770E+05 -0.4762E+05
 -0.8585E+05  0.8666E+04 -0.7136E+05  0.7901E+05 -0.6712E+04 -0.1020E+06 -0.3988E+05  0.1267E+06
  0.9142E+05  0.3409E+05  0.1075E+05 -0.3962E+05  0.5821E+05 -0.1660E+05  0.6291E+04  0.1552E+05
 -0.4762E+05 -0.2102E+05
 -0.6613E+05 -0.9190E+04  0.1271E+05 -0.2986E+05 -0.1443E+05 -0.1120E+05 -0.4929E+04  0.8893E+05
  0.3409E+05  0.2533E+06 -0.6522E+03  0.1595E+05 -0.1041E+04  0.4657E+05  0.4795E+05  0.9223E+04
 -0.2331E+06 -0.1382E+06
 -0.8274E+04  0.1725E+05 -0.1704E+05  0.1346E+05  0.4650E+04  0.2832E+04 -0.1554E+05 -0.8080E+04
  0.1075E+05 -0.6522E+03 -0.3876E+05 -0.4722E+05  0.1930E+05  0.2588E+05  0.2684E+05 -0.2945E+05
  0.2806E+05  0.1602E+05
  0.1271E+05 -0.1612E+05  0.7760E+05 -0.6211E+05  0.8432E+04  0.3537E+05  0.2398E+05 -0.4025E+05
 -0.3962E+05  0.1595E+05 -0.4722E+05  0.1037E+06 -0.1172E+06 -0.1173E+05  0.1209E+06  0.5491E+05
 -0.8962E+05 -0.2974E+05
 -0.3078E+05  0.1346E+05 -0.6119E+05  0.5837E+05 -0.1522E+05 -0.4657E+05 -0.4237E+05  0.6610E+05
  0.5821E+05 -0.1041E+04  0.1930E+05 -0.1172E+06  0.1309E+06 -0.1118E+05 -0.7694E+05 -0.4744E+05
  0.7665E+05  0.2695E+05
 -0.1809E+05  0.8313E+04  0.8432E+04 -0.1522E+05  0.5058E+04 -0.1024E+05  0.3832E+04  0.3451E+05
 -0.1660E+05  0.4657E+05  0.2588E+05 -0.1173E+05 -0.1118E+05 -0.2050E+05  0.3723E+05 -0.2927E+05
 -0.6070E+05  0.2371E+05
 -0.1120E+05 -0.8314E+03  0.3903E+05 -0.4657E+05 -0.1024E+05  0.8112E+04  0.2913E+05 -0.1373E+05
  0.6291E+04  0.4795E+05  0.2684E+05  0.1209E+06 -0.7694E+05  0.3723E+05 -0.3477E+05  0.1199E+06
 -0.8671E+05 -0.1544E+06
 -0.4929E+04 -0.1554E+05  0.2032E+05 -0.3871E+05  0.3832E+04  0.2913E+05 -0.7470E+04 -0.2156E+04
  0.1552E+05  0.9223E+04 -0.2945E+05  0.5491E+05 -0.4744E+05 -0.2927E+05  0.1199E+06 -0.5597E+05
 -0.6851E+03 -0.2124E+05
  0.9259E+05 -0.8080E+04 -0.4025E+05  0.6243E+05  0.3451E+05 -0.1373E+05 -0.2156E+04 -0.7770E+05
 -0.4762E+05 -0.2331E+06  0.2806E+05 -0.8962E+05  0.7665E+05 -0.6070E+05 -0.8671E+05 -0.6851E+03
  0.1857E+06  0.1804E+06
  0.3409E+05  0.1075E+05 -0.3962E+05  0.5821E+05 -0.1660E+05  0.6291E+04  0.1552E+05 -0.4762E+05
 -0.2102E+05 -0.1382E+06  0.1602E+05 -0.2974E+05  0.2695E+05  0.2371E+05 -0.1544E+06 -0.2124E+05
  0.1804E+06  0.9652E+05
 
 ---------------------------
 -0.2910E+06  0.1264E+06 -0.1740E+05 -0.1177E+06 -0.1070E+06 -0.3205E+05 -0.7180E+05  0.3081E+06
  0.2024E+06  0.1222E+06  0.2323E+05 -0.1941E+05  0.2877E+04  0.1154E+06  0.3717E+05  0.9113E+03
 -0.1800E+06 -0.1024E+06
  0.1264E+06 -0.6362E+06  0.5563E+06 -0.1401E+05 -0.3276E+06  0.8132E+05  0.3184E+06  0.9104E+04
 -0.1138E+06  0.2232E+05 -0.3243E+06  0.2980E+06 -0.1766E+05 -0.1884E+06  0.1827E+05  0.1661E+06
  0.5283E+05 -0.2728E+05
 -0.1740E+05  0.5563E+06 -0.2302E+06 -0.3101E+06  0.3704E+06  0.1549E+06 -0.2006E+06 -0.2578E+06
 -0.6552E+05 -0.1941E+05  0.2971E+06 -0.1118E+06 -0.1604E+06  0.2058E+06  0.7677E+05 -0.1221E+06
 -0.1246E+06 -0.4124E+05
 -0.1177E+06 -0.1401E+05 -0.3101E+06  0.2991E+06 -0.1320E+06 -0.2548E+06 -0.6784E+05  0.3462E+06
  0.2511E+06  0.3793E+04 -0.1766E+05 -0.1613E+06  0.1910E+06 -0.2476E+05 -0.1208E+06 -0.5164E+05
  0.9613E+05  0.8518E+05
 -0.1070E+06 -0.3276E+06  0.3704E+06 -0.1320E+06 -0.3826E+06  0.1234E+06  0.1695E+06  0.2145E+06
  0.7139E+05  0.1191E+06 -0.1920E+06  0.2058E+06 -0.2476E+05 -0.4151E+05  0.4137E+05  0.1329E+06
 -0.1144E+06 -0.1265E+06
 -0.3205E+05  0.8132E+05  0.1549E+06 -0.2548E+06  0.1234E+06 -0.8629E+05  0.1415E+06 -0.6768E+05
 -0.6021E+05  0.3717E+05  0.2193E+05  0.7310E+05 -0.1208E+06  0.4137E+05  0.4020E+05  0.5063E+05
 -0.9357E+05 -0.5008E+05
 -0.7180E+05  0.3184E+06 -0.2006E+06 -0.6784E+05  0.1695E+06  0.1415E+06 -0.2521E+06 -0.4890E+05
  0.1186E+05  0.9113E+03  0.1661E+06 -0.1185E+06 -0.5530E+05  0.1329E+06  0.5063E+05 -0.1130E+06
 -0.6946E+05  0.5637E+04
  0.3081E+06  0.9104E+04 -0.2578E+06  0.3462E+06  0.2145E+06 -0.6768E+05 -0.4890E+05 -0.3233E+06
 -0.1802E+06 -0.1836E+06  0.5283E+05 -0.1246E+06  0.9980E+05 -0.1144E+06 -0.9357E+05 -0.6946E+05
  0.2666E+06  0.1664E+06
  0.2024E+06 -0.1138E+06 -0.6552E+05  0.2511E+06  0.7139E+05 -0.6021E+05  0.1186E+05 -0.1802E+06
 -0.1170E+06 -0.1024E+06 -0.2728E+05 -0.4124E+05  0.8518E+05 -0.1265E+06 -0.5008E+05  0.5637E+04
  0.1664E+06  0.9021E+05
  0.1222E+06  0.2232E+05 -0.1941E+05  0.3793E+04  0.1191E+06  0.3717E+05  0.9113E+03 -0.1836E+06
 -0.1024E+06 -0.2417E+06  0.1411E+06 -0.2249E+05 -0.1543E+06 -0.9254E+05 -0.2445E+05 -0.8851E+05
  0.2990E+06  0.1839E+06
  0.2323E+05 -0.3243E+06  0.2971E+06 -0.1766E+05 -0.1920E+06  0.2193E+05  0.1661E+06  0.5283E+05
 -0.2728E+05  0.1411E+06 -0.8149E+06  0.7030E+06 -0.1809E+05 -0.4423E+06  0.1310E+06  0.4139E+06
  0.1278E+05 -0.1264E+06
 -0.1941E+05  0.2980E+06 -0.1118E+06 -0.1613E+06  0.2058E+06  0.7310E+05 -0.1185E+06 -0.1246E+06
 -0.4124E+05 -0.2249E+05  0.7030E+06 -0.2977E+06 -0.3935E+06  0.4950E+06  0.1967E+06 -0.2631E+06
 -0.3387E+06 -0.7917E+05
  0.2877E+04 -0.1766E+05 -0.1604E+06  0.1910E+06 -0.2476E+05 -0.1208E+06 -0.5530E+05  0.9980E+05
  0.8518E+05 -0.1543E+06 -0.1809E+05 -0.3935E+06  0.4670E+06 -0.1741E+06 -0.2999E+06 -0.1285E+06
  0.4291E+06  0.2722E+06
  0.1154E+06 -0.1884E+06  0.2058E+06 -0.2476E+05 -0.4151E+05  0.4137E+05  0.1329E+06 -0.1144E+06
 -0.1265E+06 -0.9254E+05 -0.4423E+06  0.4950E+06 -0.1741E+06 -0.4269E+06  0.8908E+05  0.2247E+06
  0.2624E+06  0.6468E+05
  0.3717E+05  0.1827E+05  0.7677E+05 -0.1208E+06  0.4137E+05  0.4020E+05  0.5063E+05 -0.9357E+05
 -0.5008E+05 -0.2445E+05  0.1310E+06  0.1967E+06 -0.2999E+06  0.8908E+05  0.1555E+05  0.1253E+06
 -0.1175E+06 -0.1158E+06
  0.9113E+03  0.1661E+06 -0.1221E+06 -0.5164E+05  0.1329E+06  0.5063E+05 -0.1130E+06 -0.6946E+05
  0.5637E+04 -0.8851E+05  0.4139E+06 -0.2631E+06 -0.1285E+06  0.2247E+06  0.1253E+06 -0.2511E+06
 -0.6193E+05  0.2940E+05
 -0.1800E+06  0.5283E+05 -0.1246E+06  0.9613E+05 -0.1144E+06 -0.9357E+05 -0.6946E+05  0.2666E+06
  0.1664E+06  0.2990E+06  0.1278E+05 -0.3387E+06  0.4291E+06  0.2624E+06 -0.1175E+06 -0.6193E+05
 -0.3445E+06 -0.1407E+06
 -0.1024E+06 -0.2728E+05 -0.4124E+05  0.8518E+05 -0.1265E+06 -0.5008E+05  0.5637E+04  0.1664E+06
  0.9021E+05  0.1839E+06 -0.1264E+06 -0.7917E+05  0.2722E+06  0.6468E+05 -0.1158E+06  0.2940E+05
 -0.1407E+06 -0.8811E+05
 
